4294967294,0
4294967278,45
4294967278,44
4294967278,47
4294967278,46
4294967278,229
4294967278,227
4294967278,225
4294967278,223
4294967278,50
4294967278,49
4294967278,48
4294967278,221
4294967278,219
4294967278,217
4294967278,215
4294967279,57
4294967278,369
4294967279,559
4294967278,368
4294967279,558
4294967278,334
4294967279,557
4294967278,367
4294967278,333
4294967279,556
4294967278,332
4294967279,55
4294967279,54
4294967279,53
4294967279,51
4294967279,555
4294967278,331
4294967278,366
4294967278,365
4294967279,554
4294967278,364
4294967279,553
4294967278,363
4294967279,552
4294967279,49
4294967278,330
4294967279,551
4294967278,362
4294967279,550
4294967278,328
4294967279,549
4294967278,361
4294967279,548
4294967279,48
4294967279,46
4294967279,547
4294967278,360
4294967278,327
4294967278,359
4294967279,546
4294967279,44
4294967278,326
4294967279,43
4294967278,358
4294967278,357
4294967279,42
4294967279,545
4294967278,356
4294967279,544
4294967278,355
4294967279,41
4294967279,40
4294967279,38
4294967279,37
4294967279,36
4294967279,35
4294967279,34
4294967279,543
4294967278,325
4294967279,542
4294967278,354
4294967278,324
4294967279,541
4294967278,323
4294967279,540
4294967279,539
4294967278,353
4294967279,538
4294967278,352
4294967278,351
4294967278,322
4294967279,32
4294967279,30
4294967279,29
4294967279,28
4294967278,321
4294967278,319
4294967278,320
4294967278,318
4294967278,317
4294967278,316
4294967279,27
4294967279,26
4294967279,25
4294967279,24
4294967279,23
4294967279,22
4294967279,21
4294967279,20
4294967279,19
4294967278,315
4294967278,313
4294967278,314
4294967278,312
4294967279,308
4294967278,310
4294967278,167
4294967279,537
4294967278,309
4294967278,350
4294967279,17
4294967279,16
4294967279,15
4294967278,349
4294967279,304
4294967279,536
4294967278,348
4294967279,535
4294967278,347
4294967278,346
4294967279,534
4294967278,345
4294967278,174
4294967279,303
4294967278,344
4294967279,533
16,4
4294967279,290
4294967278,343
4294967279,532
4294967278,342
4294967279,531
4294967279,11
4294967278,341
4294967278,260
4294967278,0
4294967279,530
4294967279,289
4294967279,149
4294967294,471
4294967294,1416
4294967279,287
4294967279,300
4294967279,529
4294967278,340
4294967294,41
4294967294,470
4294967294,93
4294967294,95
2,4
4294967279,524
4294967279,260
4294967279,0
4294967294,423
4294967294,43
4294967294,75
4294967294,169
4294967294,174
4294967294,120
4294967294,50
4294967294,51
4294967294,97
4294967294,184
4294967294,189
4294967294,191
4294967294,188
4294967279,525
4294967294,76
4294967294,112
4294967294,161
4294967294,180
4294967294,179
4294967294,82
4294967294,469
4294967294,1018
4294967294,61
4294967294,1097
4294967294,88
4294967294,30
4294967294,164
4294967294,163
4294967294,83
4294967294,1
4294967294,46
4294967294,5
4294967294,386
4294967294,165
4294967294,113
4294967294,167
4294967294,162
4294967294,176
4294967294,81
4294967294,92
4294967294,11
4294967294,104
4294967294,106
4294967294,175
4294967294,183
4294967294,173
4294967294,1414
4294967294,22
4294967294,17
4294967294,42
4294967294,99
4294967294,416
4294967294,52
4294967294,451
4294967294,443
4294967294,419
4294967294,1415
4294967294,67
4294967294,18
4294967294,127
4294967294,14
4294967294,126
4294967294,20
4294967294,13
4294967294,166
4294967294,24
4294967294,12
4294967294,160
4294967294,25
4294967294,168
4294967294,26
4294967294,68
4294967294,7
4294967294,6
4294967279,285
0,5
4294967278,132
4294967278,131
4294967278,130
4294967278,129
4294967278,128
4294967278,127
4294967278,126
4294967278,125
4294967278,124
4294967278,123
4294967278,122
4294967278,121
4294967278,120
4294967278,119
4294967278,118
4294967278,117
4294967278,116
4294967278,115
4294967278,114
4294967278,113
4294967278,112
4294967278,111
4294967278,110
4294967278,109
4294967278,108
4294967278,107
4294967278,106
4294967278,105
4294967278,104
4294967278,103
4294967278,102
4294967278,101
4294967278,100
4294967278,99
4294967278,98
4294967278,97
4294967278,96
4294967278,95
4294967278,94
4294967278,93
4294967278,92
4294967278,91
4294967278,90
4294967278,89
4294967278,87
4294967278,86
4294967278,85
4294967278,84
4294967278,83
4294967278,82
4294967278,81
4294967278,80
4294967278,79
4294967278,78
4294967278,77
4294967278,76
4294967278,75
4294967278,74
4294967278,73
4294967278,72
4294967278,71
4294967278,70
4294967278,69
4294967278,68
